1.353580633925202337e+00,-4.842164027619255684e-01,-9.539603264193367016e-01
-1.790436877344955491e+00,1.785517617101661569e+00,-1.876623593957118974e+00
-3.748587566566561335e-01,1.911890435414313805e+00,-1.615763409711871823e+00
9.861838271508154286e-01,9.262912289288988132e-01,-3.246347498064852566e+00
-1.166235196203049052e+00,-1.834173294614852123e+00,2.103449109020076868e+00
-3.276830495180258929e+00,5.792478954765303278e-01,-1.501065049109877592e-01
-8.478015481121660146e-01,2.336637416785181109e+00,-2.242499867792876245e+00
1.601964520432548555e+00,-1.888211895918036065e+00,-1.573086836305458647e+00
-4.878309491555455901e-01,2.499844143678255914e-01,4.530523396846075079e-01
1.253331210709052179e+00,-3.422838541586679995e+00,4.070784814529120887e-01
-1.773741420334689955e+00,-2.532369586368682923e-01,1.540163708279351562e+00
4.264092561916150159e-01,1.112221845035645251e-01,9.889078850851221736e-01
8.379555148178111645e-01,-1.411859200699321359e+00,-1.748836013906695186e+00
-2.459582834006890817e+00,2.473404485502229133e-01,1.389258851697839914e+00
-1.256863176203984800e+00,-1.858164619328797285e+00,2.048023089580622624e+00
-2.021922991899356425e+00,-2.062449054421485073e+00,3.452070956686580150e+00
4.092790192022804363e-01,-2.010028724239771414e+00,1.222478823270931825e+00
1.722913811742250001e+00,-1.368856486466740074e+00,-3.118082056553478920e-01
